[[0, 300], [300, 500], [500, 800], [800, 1000], [1000, 1500], [1500, 2000], [2000, 3000], [3000, 5000], [5000, 7000], [7000, 10000], [10000, 20000], [20000, 30000], [30000, 1000000]]
33.03944670971281
135
47.85471557996842
19
51.66677816294491
25
40.261199717425434
12
35.07000218249972
22
40.910616213987
35
41.78146268728027
63
47.5396132217466
95
49.931664931902496
63
50.08105019331159
76
44.11846637898842
214
42.6916304963662
142
30.985320529238358
832
day
Megadepth
38.05125695015973
11.891539431838142
135
42.50053655666795
19
37.378505215420866
25
11.087444794063458
12
27.371528947222096
22
15.566041965769967
35
15.169959965922711
63
17.10307011228217
95
29.732774260670137
63
12.489717508034987
76
24.079679257407076
214
18.913110067933133
142
17.915666502563294
832
day
DORN
19.6116300012408
18.14408016577498
135
26.474577553309672
19
33.392886579136956
25
18.382818967885246
12
18.462873782304683
22
26.896149246897803
35
24.757161059610493
63
28.7350356319818
95
30.63920071724429
63
26.23410881930767
76
27.069938983636277
214
24.053014434361856
142
19.231000966508105
832
day
LKVOLearner
22.759465829800774
15.736810261897146
135
30.584296020366974
19
36.78249518574569
25
14.153443920699099
12
20.851389029526754
22
26.36336455373749
35
17.188142213006014
63
21.5873421519419
95
32.969544747628206
63
20.76568740597317
76
23.28062505241127
214
21.653606487556452
142
17.127232569557254
832
day
SfMLearner
20.27062433201845
57.90386219773429
135
81.61859038615032
19
91.36997145841559
25
82.1367095411382
12
60.65374601915587
22
83.94225122759731
35
78.17016380828645
63
91.1924838455078
95
102.48513206406011
63
81.6950278022365
76
83.52601968736325
214
81.83716035638692
142
57.8371950581068
832
day
DenseDepth
71.12777057497732
19.676758139515904
336
34.47762799127557
48
32.8278539797161
68
33.4375688074429
40
31.41288406310333
79
38.11152184768021
55
25.31935221734954
101
32.43743952720514
180
35.212643527100354
124
29.51145662909241
175
30.540400412758203
476
32.58533083902051
396
22.194561595891077
1504
dusk
Megadepth
27.08948260270459
15.26993412972896
336
30.03512441613737
48
18.73028394560375
68
19.280697443275255
40
20.78073990579709
79
21.938855140799625
55
20.477149412683186
101
16.917999300604563
180
16.12845091631977
124
17.071847687950253
175
13.291890987108236
476
13.759370411678931
396
13.107345331522113
1504
dusk
DORN
15.089052113052581
16.701930577744054
336
28.449379662270346
48
29.872783586074632
68
27.949779007202853
40
30.594983112654134
79
30.769147608376116
55
24.7004180229701
101
27.32086823596614
180
26.760963386883216
124
28.530098763801877
175
26.576164381702174
476
25.19535100281536
396
17.005968155849672
1504
dusk
LKVOLearner
22.41860787683692
13.3123063164806
336
27.292292332494394
48
22.664993278325927
68
20.71910777834257
40
20.922895402514147
79
20.632839760442668
55
21.26444960197483
101
20.11755784151214
180
23.003734857766666
124
23.87470181835926
175
21.043589158578875
476
21.37875740354957
396
15.583447699967849
1504
dusk
SfMLearner
18.65302049092187
55.05633328558296
336
89.24416847475656
48
97.99246890698562
68
85.4348166711539
40
97.78269691083307
79
101.50624075323033
55
82.90829068833438
101
85.60482595461049
180
95.42233726106042
124
100.91225068690487
175
92.7780022721193
476
91.21947992336376
396
55.072685715828975
1504
dusk
DenseDepth
75.73624540054804
38.132524217837954
102
53.51316757511063
17
47.72602803812707
24
55.96003776311997
13
49.03697131524606
29
68.58809907530717
22
66.34668894287357
52
49.157852065551104
71
60.67931972754669
86
52.589703232438524
70
51.265859231200146
203
68.33431622518901
145
36.12287919682046
541
night
Megadepth
48.93679358929828
15.87012506121048
102
14.971697718266642
17
40.48158965026518
24
16.76588561144494
13
50.80434177765001
29
14.629463999830888
22
26.08601485696667
52
37.23732394225481
71
35.93775195193045
86
34.378145068763665
70
25.46130550122081
203
26.23097060043664
145
17.43373773605348
541
night
DORN
25.23315358162637
18.342993560628845
102
24.974652531022258
17
22.682262129089736
24
35.24146938771211
13
36.226574802901595
29
33.905018813388025
22
29.318008614712923
52
26.385438433222138
71
27.532881764807442
86
27.067801637819503
70
24.009690898829195
203
33.28844048528805
145
17.572982728260673
541
night
LKVOLearner
24.002066543335918
11.00660643507079
102
10.693986481377909
17
29.554493843201506
24
12.306205536574254
13
45.89127472190687
29
19.327294387002993
22
24.412489775679067
52
30.157913839312872
71
27.962040708047727
86
26.676820631430854
70
21.070309048348246
203
28.207354298832303
145
13.501293980852981
541
night
SfMLearner
21.29031658488539
50.89863879547854
102
69.35109903072762
17
50.06056242574092
24
70.23317405431942
13
74.286159940717
29
71.52810384772278
22
81.79822247608074
52
66.61376161005813
71
68.6745033816308
86
62.06005175035237
70
57.36384586349908
203
77.59563148893643
145
42.71322112420841
541
night
DenseDepth
57.89717463214576
11.380158645923949
26
10.345254540028318
3
30.55756753074149
4
26.632978274869657
4
0.0
1
25.77953862833192
10
19.30853102103457
6
24.57426603427805
6
20.77573390102173
15
22.532087077334584
12
20.0458917841425
37
19.958330967827802
21
11.153555434260102
111
dusk
LKVOLearner
16.814146148048106
14.890681649692207
26
6.545439635883178
3
36.46075311499392
4
38.53710684931829
4
0.0
1
26.44101816471629
10
23.07473494092601
6
24.23708390327363
6
21.815085408439746
15
17.934298105706596
12
18.086632994695794
37
18.037664279159976
21
9.9862298206515
111
dusk
DORN
16.75488144221154
47.866109686407796
26
95.1031438082529
3
139.78666113469035
4
104.47107007473662
4
0.0
1
109.26311256692485
10
96.21743548593068
6
112.52047727195963
6
102.667896328328
15
79.55517186734906
12
87.98590489535454
37
89.46534272786805
21
49.753065252332064
111
dusk
DenseDepth
74.54979784561385
4.615603463363494
26
3.2608171483592474
3
13.742138632589485
4
19.815156728083913
4
0.0
1
13.159223141158037
10
5.756979358302336
6
12.835240011269699
6
12.687894163541163
15
10.031382759877564
12
10.856822490393688
37
11.519355639206985
21
6.389489344165376
111
dusk
SfMLearner
9.085628750415621
13.751374351127664
26
30.137874808547885
3
36.82260236661536
4
41.042196355091406
4
0.0
1
27.97969049202869
10
29.543737916982682
6
33.24009069986434
6
27.452984146060423
15
30.956005210471073
12
23.947023747069366
37
25.299678217065985
21
16.68122071793588
111
dusk
Megadepth
22.347491146310603
10.608006213302408
27
37.78913756914088
3
14.77901825473261
11
13.680194708874806
1
15.183761526716204
4
0.0
5
24.847235408883417
9
22.157586115467073
20
28.615234507238508
19
17.802913272107634
15
17.897623255376356
47
23.936160634068337
24
10.379521461176452
162
night
LKVOLearner
16.351745413122792
7.982544168121559
27
8.972920979484442
3
12.949260975510745
11
16.805403622320153
1
5.4573102918490095
4
0.0
5
20.933892720622975
9
14.475409456012136
20
9.445872305694131
19
16.48492347451274
15
14.834495333059309
47
17.570921951306953
24
8.556016892853153
162
night
DORN
11.727738865930412
37.6967979475522
27
139.3214996720764
3
82.74715996667942
11
107.62165420836789
1
77.39933314828782
4
0.0
5
86.56229842227071
9
69.41677965099093
20
99.31817788870404
19
57.10044216999814
15
65.76129847523063
47
61.0749624311209
24
36.51330480643069
162
night
DenseDepth
56.720101819343135
6.106394838996622
27
28.71624417353522
3
6.224013750590417
11
8.655660260514747
1
16.74633402133107
4
0.0
5
19.479513263683767
9
19.288272136681783
20
29.608111087832565
19
19.437739517233553
15
15.741362380964148
47
22.62294443726018
24
10.945036037140754
162
night
SfMLearner
15.336635842656746
19.84889977837954
27
66.37428216552165
3
27.488577742722857
11
40.49061339035591
1
7.189135794334958
4
0.0
5
44.225798212790984
9
22.90783567167373
20
30.661493549276916
19
21.05975198924469
15
21.958022042157285
47
21.08301419596559
24
11.601585986593296
162
night
Megadepth
20.21211085373063
12.767468480326217
114
26.80971095368615
12
18.710453982678633
28
23.10005988327028
13
25.078459974813054
25
16.161502667054133
20
18.149362920201074
51
20.230475150253902
68
20.06642951239303
55
16.849399338198687
75
19.279959772026352
174
20.155850231052643
137
9.640636170086028
719
day
LKVOLearner
15.103591903811587
15.001638830356914
114
31.610775861043912
12
21.499008228648556
28
23.87141354848107
13
24.478665309555737
25
17.694664667177545
20
17.113388139406908
51
18.62972916894426
68
15.675609181027584
55
14.865172588835563
75
14.537742071879787
174
15.518798486945384
137
7.503352636223681
719
day
DORN
13.157238034020002
55.24282817678196
114
97.30168111753062
12
93.05060624966964
28
106.0710583728434
13
93.92755391719699
25
77.54168449731907
20
74.53506477500359
51
85.23309878891094
68
84.90974253181673
55
72.94250104474689
75
84.65684269570981
174
89.53331969084005
137
40.58851530162201
719
day
DenseDepth
64.9700606971676
5.556454562213052
114
6.967481786138279
12
8.83620492130372
28
8.980602538953734
13
11.207730236665906
25
9.227122404756656
20
6.4608992980844935
51
10.22955562844601
68
10.525041320987937
55
7.758029507019082
75
9.58516924910404
174
10.440193222841241
137
5.489920344903638
719
day
SfMLearner
7.533538926318156
19.4135502508875
114
29.329796208717696
12
24.703888758718403
28
31.678972022009617
13
39.72146042100532
25
20.921892661387815
20
26.42120461051557
51
28.39163225411716
68
28.688491301399818
55
20.201166732520566
75
23.859769806395203
174
24.795366171963856
137
12.502619287078343
719
day
Megadepth
19.95276807539991
