[[0, 300], [300, 500], [500, 800], [800, 1000], [1000, 1500], [1500, 2000], [2000, 3000], [3000, 5000], [5000, 7000], [7000, 10000], [10000, 20000], [20000, 30000], [30000, 1000000]]
35.55202363316262
135
69.33946423596238
19
61.07204496486746
25
39.44983653234875
12
50.43254679346598
22
41.19117694625918
35
45.391419447108426
63
51.16257554807872
95
62.89387443793751
63
52.61957479791925
76
56.20278508440805
214
50.469420202240386
142
39.31032321205873
832
day
DORN
45.89759141133218
21.64554088659222
135
41.57672288702397
19
33.84860258730635
25
27.894339326393894
12
27.410350790682553
22
23.00292743992124
35
24.001122235079166
63
27.92357444253517
95
32.73170072586188
63
30.87303946543342
76
27.29582136408979
214
27.594796565820022
142
20.346688482442055
832
day
LKVOLearner
24.396170440565005
24.833341410994993
135
50.49220891625123
19
44.69149478793404
25
30.44861468646014
12
38.480825018489824
22
27.48884307897123
35
33.07284139315756
63
38.656769076871974
95
47.03241069004928
63
41.36846519405879
76
42.92840399995404
214
36.53474899240306
142
28.030017086605522
832
day
SfMLearner
33.71298574588013
33.03944670971281
135
47.85471557996842
19
51.66676405007021
25
40.26155946980179
12
35.07000218249972
22
40.91142424673093
35
41.78145584069341
63
47.53981461800697
95
49.93171157159963
63
50.08123719623113
76
44.118436051265235
214
42.69163305893233
142
30.98529186710446
832
day
Monodepth
38.05128808173654
38.508226423272575
135
62.08194017682393
19
57.285477000851955
25
59.240715393060555
12
46.73917935635554
22
56.579589237445994
35
58.299494955020755
63
66.37249914320259
95
72.24752410280128
63
53.98508005199417
76
62.723962682895724
214
58.56768840692851
142
45.91977798236551
832
day
DenseDepth
52.760184003361026
17.39844891251228
336
35.983330578947665
48
27.476515967838832
68
37.73416030504922
40
27.724770534401642
79
34.120651636830196
55
24.472937997467298
101
31.003298871223723
180
38.28171957303344
124
32.66454988554613
175
31.896049851108703
476
35.60890014741129
396
28.724571021853972
1504
dusk
DORN
30.01115068835056
11.001890545977439
336
22.417652094373384
48
21.20882451863138
68
18.94141145620016
40
19.503529555619277
79
21.86577598290946
55
15.553422141506083
101
19.53238489055305
180
21.971549918892173
124
21.438016069260872
175
21.153540463924937
476
21.575111173020662
396
14.766868418120822
1504
dusk
LKVOLearner
17.720169250468192
13.752647381264469
336
22.594917588265993
48
23.669275563720696
68
18.925584703284244
40
20.80218075513258
79
24.733815752407516
55
16.107257003785342
101
21.676180713009312
180
24.99513841622734
124
21.66653836188219
175
22.130463258439853
476
23.34137523201253
396
17.273669368271282
1504
dusk
SfMLearner
19.602032099716265
19.676758139515904
336
34.47762799127557
48
32.8278539797161
68
33.4375688074429
40
31.412439180738158
79
38.11164840638624
55
25.31843553572452
101
32.437503385477605
180
35.212669543001965
124
29.511126953585826
175
30.540366594267095
476
32.5852731885557
396
22.19456884872439
1504
dusk
Monodepth
27.089427029980985
42.23561163976618
336
67.68953948181833
48
74.20514931159151
68
64.35460203039695
40
74.46304865956806
79
73.27598649598758
55
67.17199354494517
101
66.01944167668555
180
75.85924558784974
124
83.53300556072658
175
76.11280033832435
476
74.06230749008554
396
43.1259674672541
1504
dusk
DenseDepth
60.23080091627236
46.98489997108647
102
65.74058410483532
17
74.56641559608181
24
66.512044668955
13
57.72641563339795
29
79.65474864512406
22
77.49140688419418
52
65.08765276231244
71
80.63566053157129
86
69.0973141098207
70
65.91304441123687
203
82.43020143433102
145
45.76288128963237
541
night
DORN
61.68787497251682
24.850284281562022
102
30.532391179931274
17
40.60169089968902
24
26.257401355479598
13
26.169330521458832
29
40.79824902803869
22
41.76384504888478
52
32.131970673258245
71
39.95840236316377
86
33.42049597001162
70
33.87288496743759
203
43.36452544247084
145
23.483137903100562
541
night
LKVOLearner
31.53377363468607
33.19883688597238
102
48.4723450611682
17
53.015018247646644
24
53.791118306403284
13
43.07478032339276
29
56.98241440586697
22
55.48436338787376
52
47.296054780653776
71
57.219771801072035
86
49.165939367959965
70
45.26200347296215
203
54.84223441990297
145
32.38526861579286
541
night
SfMLearner
43.247726884503166
38.132524217837954
102
53.51316757511063
17
47.72602803812707
24
55.96003776311997
13
49.03679334600272
29
68.58809907530717
22
66.34661852186079
52
49.157724346942366
71
60.67929495533715
86
52.58974864833279
70
51.265835908888114
203
68.3343454587707
145
36.12287719711453
541
night
Monodepth
48.936780273129955
25.49449627462837
102
37.024060265025106
17
41.05220220139343
24
27.235867789327905
13
40.98283395128974
29
24.55398804872861
22
33.421418067885966
52
34.24628467983459
71
36.260789803085004
86
34.36852304619953
70
31.426024670096897
203
36.93001427364373
145
23.059209747276874
541
night
DenseDepth
29.844157566397584
7.163357500334727
26
19.86587957755743
3
13.440494406923879
4
21.767234129568884
4
0.0
1
10.584479807262438
10
13.652424605127203
6
18.236800578704194
6
13.988505001172216
15
15.134855891814023
12
15.312074452422394
37
18.857854646921414
21
11.671895068593887
111
dusk
LKVOLearner
13.451141247179972
10.013325686604116
26
36.51833880156527
3
18.031639631368765
4
15.685258937136403
4
0.0
1
18.112062002717135
10
28.362448459425515
6
21.926457756264536
6
19.99452610797023
15
34.07091572000289
12
23.105617168545482
37
28.97468922399224
21
19.24342348390291
111
dusk
DORN
21.496580951827088
35.116087567177715
26
65.0423043067176
3
104.03915253273975
4
70.66754174145251
4
0.0
1
85.57274153535354
10
69.44442821026158
6
86.41706572999912
6
81.38482946693074
15
55.242169495158976
12
73.70839460716095
37
77.11926380831868
21
40.46533504697547
111
dusk
DenseDepth
59.247795878686695
13.751374351127664
26
30.137874808547885
3
36.82260236661536
4
41.04191947725095
4
0.0
1
27.98030477013645
10
29.543737916982682
6
33.240275234114975
6
27.452984146060423
15
30.956005210471073
12
23.947099484807453
37
25.29964161507454
21
16.681210685033413
111
dusk
Monodepth
22.34752476084613
10.401017785753371
26
33.09971439631172
3
25.717479862436022
4
23.61902052125284
4
0.0
1
17.835302058577373
10
25.395887777811787
6
25.96685222904829
6
18.10404731003986
15
24.963449296542095
12
17.588577341557347
37
21.69003537720579
21
14.032310665611668
111
dusk
SfMLearner
17.41605443888174
11.28563260627585
27
33.54134398594834
3
16.370666089102887
11
27.083771558226047
1
8.058646930627006
4
0.0
5
30.259153827279025
9
10.013155033200517
20
14.863242284088024
19
11.437269730271385
15
15.952336396963476
47
16.296059380920045
24
10.135946996565474
162
night
LKVOLearner
13.381776206429752
19.782843512394667
27
58.711828414052896
3
37.020369167554605
11
56.09122034685988
1
9.207273582741996
4
0.0
5
57.63620888412369
9
29.173957099804653
20
32.78529250738778
19
27.39842080091977
15
31.915817048287202
47
27.421377785494606
24
14.648273077249502
162
night
DORN
25.108039503143562
19.321314255300376
27
94.15504206451051
3
59.19101266953296
11
67.17484817454132
1
70.26629707504325
4
0.0
5
71.55613566374446
9
52.15525579985281
20
76.54904095383235
19
42.966281262185554
15
52.43523850260173
47
50.86744058280695
24
30.36084672753574
162
night
DenseDepth
44.256319963323364
19.84889977837954
27
66.37428216552165
3
27.488577742722857
11
40.49061339035591
1
7.189135794334958
4
0.0
5
44.225798212790984
9
22.906910378816818
20
30.661582353229974
19
21.05975198924469
15
21.95800192928277
47
21.08288333920263
24
11.601562776268121
162
night
Monodepth
20.212039167444633
15.67448659173658
27
39.80377659808151
3
25.250177336246622
11
32.24164796713024
1
9.816120171093964
4
0.0
5
34.9290072928415
9
12.9750037037511
20
19.741588759585632
19
16.145346619441934
15
18.50147662644797
47
17.68982286365133
24
11.204770438468943
162
night
SfMLearner
16.053261169952858
10.830305998432076
114
15.011930228456029
12
13.36644791082276
28
17.054657996292708
13
20.20216597907942
25
12.366681226750936
20
14.688191356941205
51
17.311617832419625
68
14.87219326572196
55
14.51124232678631
75
14.809810433638653
174
16.505573061223558
137
8.05407110503659
719
day
LKVOLearner
12.135742328064067
14.363860719005864
114
17.14200588075623
12
15.425046878607883
28
22.322645218070207
13
33.60350869192384
25
20.143632975892707
20
25.643118230684486
51
25.35575520369757
68
28.5695803805191
55
20.70002198034842
75
25.717732688409583
174
28.897956642401137
137
14.117211989391844
719
day
DORN
20.120365699655327
41.89719117643474
114
74.02619193114755
12
73.14380975706935
28
83.20552333456293
13
62.931144265208594
25
63.56209251478786
20
57.1325342006681
51
64.23463762492418
68
65.32316825529139
55
63.86091908240876
75
70.4269942588097
174
75.91501406100713
137
33.744120261924216
719
day
DenseDepth
52.72178150133023
19.413373566816475
114
29.329796208717696
12
24.703888758718403
28
31.678972022009617
13
39.72136717901443
25
20.92198581359083
20
26.421262448648896
51
28.39168617892581
68
28.688499180315738
55
20.20116310819112
75
23.859728065360844
174
24.79537541743488
137
12.502622040885521
719
day
Monodepth
19.952755544647314
14.710928203016065
114
25.76606941442242
12
16.760950138288404
28
25.422781105651765
13
33.31519993223696
25
13.009325415016335
20
22.26345554213724
51
20.806186819126868
68
21.372414507694604
55
15.131059691150444
75
18.152655836865566
174
19.673132677679323
137
9.275587592336786
719
day
SfMLearner
15.305254122181818
