[[0, 300], [300, 500], [500, 800], [800, 1000], [1000, 1500], [1500, 2000], [2000, 3000], [3000, 5000], [5000, 7000], [7000, 10000], [10000, 20000], [20000, 30000], [30000, 1000000]]
45.3414662090326
135
71.40509964601091
19
45.35670206357159
25
49.14456808557971
12
64.18375366934498
22
60.531620124823775
35
57.36131828638928
63
55.20396591483002
95
62.4173242204259
63
62.358983626533266
76
56.221619632170786
214
48.19384689708972
142
37.8929699211757
832
day
Megadepth
47.51391857318112
56.8912055314337
135
86.14973284652703
19
72.30559707380803
25
61.77220802157003
12
66.6536946717263
22
74.67878118971818
35
69.63635983507038
63
69.78818751157552
95
84.81174173420301
63
77.77906826480591
76
72.73554481605957
214
60.36895771975615
142
42.66796167809026
832
day
DORN
58.312804492012035
45.666194400366265
135
71.6548585167869
19
51.858624868100925
25
50.12633843335219
12
59.12471880655194
22
62.95013396857352
35
55.214764395063796
63
55.98198204638036
95
64.98181057789368
63
62.38807935061293
76
57.10337135836497
214
49.66977934014681
142
37.15830904491181
832
day
LKVOLearner
47.68509992126413
52.22350535468338
135
75.35667961094333
19
54.91387256882088
25
55.60490544539827
12
60.69737379668059
22
62.69159903238098
35
62.53492113210054
63
60.772505705325884
95
72.65065724979235
63
68.3400111077504
76
63.27055121602327
214
52.18950817825621
142
38.47733238072997
832
day
SfMLearner
51.33592925615247
57.850997968698536
135
79.00893910086339
19
73.99406674361737
25
61.284198864483685
12
70.20917715981317
22
79.62921075692262
35
71.0330600553636
63
70.29097089499074
95
83.19055646122827
63
77.70792183353086
76
68.08315972781014
214
59.10119256752943
142
40.041017485728084
832
day
Monodepth
56.77834226101353
41.52202428344773
135
60.84402599993836
19
52.47644662873896
25
58.32976087347027
12
38.770887596604894
22
54.669275066900354
35
55.70870250218248
63
64.08098246882103
95
75.32182473268902
63
62.74126436957696
76
72.91513400893801
214
70.4565296174835
142
62.02459451611163
832
day
DenseDepth
62.806371322740596
50.85294940648095
336
97.6915674061108
48
99.93241337802714
68
81.80293093035198
40
97.28363282355208
79
91.65773192517771
55
78.02189357869563
101
78.70111422638904
180
88.23297073982536
124
94.69475845210168
175
86.81765434691853
476
84.66090989117734
396
53.24963915196814
1504
dusk
Megadepth
71.74636718379341
58.52016832938153
336
115.79712521291604
48
110.5809586732534
68
97.88656897549689
40
108.7676988170341
79
104.97538187276778
55
86.92927200970777
101
93.58041275148094
180
104.90355448217933
124
109.09061940048711
175
100.96662693128326
476
101.16479879866029
396
66.36609349583264
1504
dusk
DORN
84.9772580405281
49.73856582773416
336
92.93489314954672
48
96.76951926034245
68
78.06762814589732
40
92.89494417015302
79
90.01449778752568
55
73.58435935493397
101
78.3075272673487
180
86.88364844839627
124
91.7000577475589
175
83.96237759718146
476
83.8169439739877
396
52.12829862983518
1504
dusk
LKVOLearner
69.9696116561896
53.50582904718362
336
97.6391564719005
48
103.15557158882363
68
86.50838637150183
40
101.42548418539347
79
98.23882768392133
55
75.3485342070815
101
82.62075365915362
180
90.41356075657878
124
95.94086196567615
175
88.50624926240339
476
87.60326766626712
396
54.49980887503777
1504
dusk
SfMLearner
73.6832782511097
61.21754078561688
336
112.64684666114361
48
119.62758374721356
68
98.07737123197434
40
115.98829625953758
79
112.76617758501466
55
89.38202198995658
101
96.03530251701723
180
105.74462445367192
124
110.36205358382712
175
101.75688189705461
476
100.13948787148878
396
62.96061181905065
1504
dusk
Monodepth
84.92630608512546
40.43021741286685
336
73.4869876572569
48
68.7414644359949
68
61.640481552686744
40
72.62778272203074
79
77.55697084738863
55
68.72853162870551
101
65.37725427741661
180
71.4230518448157
124
78.62577358148324
175
72.02928763550419
476
70.56302719675023
396
45.52317476164055
1504
dusk
DenseDepth
59.187442286721215
54.934219538676075
102
76.82264634638778
17
84.67193303879493
24
75.84364932795351
13
68.35594198678277
29
88.6831253933138
22
88.75159370436208
52
73.8050870392049
71
90.40611555142372
86
75.28651862893447
70
71.27321012391924
203
92.01724200113563
145
50.52053471628216
541
night
Megadepth
68.75138199374787
38.22644276414708
102
60.014396242903715
17
57.601199671553346
24
60.731466407699486
13
44.77619747035744
29
56.077618508991485
22
35.91348393671651
52
35.304045158455835
71
35.219352983959865
86
30.986438491841486
70
33.81657054176921
203
38.51985524246131
145
28.124701438141216
541
night
DORN
34.848757559236525
44.53919357100172
102
64.81703252557455
17
63.949348896306475
24
70.50143757359943
13
53.73264228030428
29
68.67302237655409
22
55.47757600091894
52
52.422250801819345
71
60.84513381737614
86
51.34608075576364
70
48.628981876278885
203
60.24420300319524
145
36.30953769930625
541
night
LKVOLearner
48.25425665420347
39.550400545507756
102
63.51178620275965
17
57.07214917825254
24
56.86006415572617
13
48.99839339125396
29
61.695982556131156
22
47.18628863807665
52
42.96073371562765
71
46.10463975183267
86
39.25644843223547
70
41.63370677178334
203
53.1161410376095
145
31.345893058227933
541
night
SfMLearner
41.18010467499109
40.24288937287689
102
62.209819591406436
17
59.31574248931309
24
56.24374205429761
13
70.81098507357079
29
57.816838014865034
22
45.94058263391138
52
51.353801013350235
71
51.546275678729
86
47.010594115433655
70
40.443459182793916
203
47.350405616149054
145
31.964610106375737
541
night
Monodepth
42.34567261620085
63.31070751667168
102
84.79194071421495
17
82.9298381337472
24
84.0478130068145
13
72.2769933963795
29
89.20975417396248
22
98.92396845163772
52
82.07758561053699
71
90.09435305837177
86
75.64946427797675
70
72.78694561288401
203
94.29623427795855
145
51.37463497298617
541
night
DenseDepth
71.31518389252948
