[[0, 300], [300, 500], [500, 800], [800, 1000], [1000, 1500], [1500, 2000], [2000, 3000], [3000, 5000], [5000, 7000], [7000, 10000], [10000, 20000], [20000, 30000], [30000, 1000000]]
38.508226423272575
135
62.08194017682393
19
57.285477000851955
25
59.240715393060555
12
46.73917935635554
22
56.579589237445994
35
58.299494955020755
63
66.37249914320259
95
72.24752410280128
63
53.98508005199417
76
62.723962682895724
214
58.56768840692851
142
45.91977798236551
832
day
Megadepth
52.760184003361026
57.35947436022496
135
87.9141782362411
19
84.30978165136769
25
81.28605873627991
12
64.43900059346022
22
79.33978659557904
35
76.3105273841575
63
90.24623216058878
95
103.81248398941179
63
81.89750573993972
76
88.06788592930343
214
85.44597617163261
142
64.54666777067533
832
day
DORN
74.62859702267724
41.829106941464474
135
64.28868944825373
19
68.28133567032756
25
64.64276326470114
12
46.99919089767887
22
63.03782112792602
35
59.567253341711435
63
69.71344268632127
95
78.51360067325948
63
59.70701834815137
76
63.609519055637854
214
63.83029306608701
142
44.437578855675135
832
day
LKVOLearner
54.25370193865081
48.36083277911825
135
72.28156706072104
19
68.22140441041917
25
74.45796517336161
12
52.654017387678586
22
64.89587331795404
35
66.0552972738655
63
78.09981482284844
95
85.89436471618276
63
67.10057805197478
76
73.43374034564522
214
68.50307261894176
142
49.6651143160108
832
day
SfMLearner
60.485669459472014
57.90386219773429
135
81.61859038615032
19
91.36986847351393
25
82.136990962684
12
60.65374601915587
22
83.94406635139761
35
78.17017013040844
63
91.19263889221315
95
102.48519297157728
63
81.69528553799445
76
83.52599922988803
214
81.83716712835128
142
57.83717011369699
832
day
Monodepth
71.12782943638979
42.23561163976618
336
67.68953948181833
48
74.20514931159151
68
64.35460203039695
40
74.46304865956806
79
73.27598649598758
55
67.17199354494517
101
66.01944167668555
180
75.85924558784974
124
83.53300556072658
175
76.11280033832435
476
74.06230749008554
396
43.1259674672541
1504
dusk
Megadepth
60.23080091627236
49.72306485953898
336
87.82814014771941
48
88.74480714609805
68
82.96807356508957
40
87.91320442512477
79
90.27975505942705
55
74.34792267082342
101
80.68436065086745
180
93.78262753759465
124
98.45742680277253
175
91.1930006812032
476
92.71281961106655
396
59.37465967960248
1504
dusk
DORN
75.19253875772684
40.41943205537982
336
65.38886584740543
48
70.86631926527747
68
60.745807336082464
40
69.79876735009024
79
75.28243319190037
55
60.9431305857587
101
62.00956723418975
180
71.63538886319414
124
75.68194697457876
175
69.48587647012808
476
69.66052988863004
396
40.80897173984033
1504
dusk
LKVOLearner
56.34106420662268
46.428901966395706
336
72.00171629272154
48
79.48553061899277
68
69.73594203309214
40
80.70521285320318
79
84.3369465822452
55
66.74190424698394
101
69.1009998903632
180
76.10593821377745
124
81.29335733903194
175
75.46477683111605
476
74.73022032803483
396
43.892303551532756
1504
dusk
SfMLearner
61.40673391733778
55.05633328558296
336
89.24416847475656
48
97.99246890698562
68
85.4348166711539
40
97.78254998325929
79
101.50650215778157
55
82.9077293654067
101
85.60500647103713
180
95.42236290627599
124
100.91211112135531
175
92.77802003447185
476
91.21945863243411
396
55.072691159234004
1504
dusk
Monodepth
75.73623327528807
25.49449627462837
102
37.024060265025106
17
41.05220220139343
24
27.235867789327905
13
40.98283395128974
29
24.55398804872861
22
33.421418067885966
52
34.24628467983459
71
36.260789803085004
86
34.36852304619953
70
31.426024670096897
203
36.93001427364373
145
23.059209747276874
541
night
Megadepth
29.844157566397584
55.69707117749527
102
79.20124952909828
17
66.4694112160128
24
80.78625353227432
13
79.00527377101595
29
81.91793575805072
22
91.27551629731768
52
74.50450912081527
71
79.33004341866626
86
73.58910278888328
70
67.43031775932589
203
87.09572957442806
145
48.4222708180453
541
night
DORN
65.95668557169014
38.11091800396141
102
48.179552997279664
17
38.17786380411077
24
47.28091730008949
13
52.98753990582967
29
45.7809337190949
22
59.98419176101034
52
48.652418601214414
71
48.565995019467266
86
43.035602410322866
70
38.86170907365715
203
51.421713551307306
145
29.980311164995335
541
night
LKVOLearner
40.38976511091157
44.456760039118834
102
64.92412652965903
17
50.90639435626521
24
68.40928398582972
13
68.80797079594055
29
61.37301891766152
22
71.88349552040832
52
59.341907078429195
71
59.93783769311797
86
56.598316723049706
70
50.81198481642218
203
63.370041450372206
145
37.88810672430861
541
night
SfMLearner
50.82146186531649
50.89863879547854
102
69.35109903072762
17
50.06056242574092
24
70.23317405431942
13
74.28604244268948
29
71.52810384772278
22
81.7981203479908
52
66.61360506017726
71
68.67447015274733
86
62.06005451042566
70
57.363813463155694
203
77.59566185584268
145
42.7132222666941
541
night
Monodepth
57.89715426463267
37.184306265883954
26
84.7893197574981
3
110.75128838041587
4
78.17488971868633
4
0.0
1
84.00598292061767
10
77.01792493285139
6
88.41584395736264
6
82.42412905032499
15
58.13701708258098
12
69.3563682304991
37
70.55458738238028
21
39.44962476696453
111
dusk
LKVOLearner
58.69080015128026
35.6095310729059
26
101.40727068562796
3
107.32870420308042
4
70.5680048319264
4
0.0
1
86.28454426243967
10
81.40760218558114
6
95.2643637709203
6
85.2790016234198
15
75.37880753401134
12
83.06935663592212
37
86.02731195894025
21
49.79988493966766
111
dusk
DORN
67.3658936976641
47.866109686407796
26
95.1031438082529
3
139.78666113469035
4
104.47014997869594
4
0.0
1
109.2646047425389
10
96.21743548593068
6
112.52062902731754
6
102.667896328328
15
79.55517186734906
12
87.98604469938536
37
89.4653623411992
21
49.75305792085153
111
dusk
Monodepth
74.54989215436207
43.63781182354972
26
98.101385904223
3
129.1868018097425
4
85.85915856281916
4
0.0
1
97.2024257067152
10
91.04107185726785
6
101.2603787315286
6
91.13643700826499
15
71.69468404881762
12
79.50004616060029
37
79.65781013985996
21
45.319423252214314
111
dusk
SfMLearner
67.36419505972776
35.116087567177715
26
65.0423043067176
3
104.03915253273975
4
70.66754174145251
4
0.0
1
85.57274153535354
10
69.44442821026158
6
86.41706572999912
6
81.38482946693074
15
55.242169495158976
12
73.70839460716095
37
77.11926380831868
21
40.46533504697547
111
dusk
Megadepth
59.247795878686695
28.47922983738185
27
103.52384578425747
3
71.64730874456068
11
94.19913626316999
1
62.29487116951114
4
0.0
5
69.11188222523194
9
51.90564390974076
20
73.16826282119565
19
41.22738501603867
15
52.01209896541968
47
43.556602325294136
24
28.894501806200292
162
night
LKVOLearner
43.84051656998353
35.836319251022736
27
131.1051704462351
3
90.99409668087785
11
123.07743774477186
1
78.26477792610117
4
0.0
5
93.94489853057769
9
78.62430734131995
20
101.35320878020913
19
64.4877521755537
15
75.53746884194574
47
71.2313596233976
24
41.508365457682636
162
night
DORN
62.29660660810767
37.6967979475522
27
139.3214996720764
3
82.74715996667942
11
107.62165420836789
1
77.39933314828782
4
0.0
5
86.56229842227071
9
69.41621685697211
20
99.31819410562771
19
57.10044216999814
15
65.76128450047074
47
61.074876841573605
24
36.513293573056245
162
night
Monodepth
56.7200517306599
32.80351650113357
27
112.81700349124061
3
80.44845707397702
11
99.37460119988562
1
60.81382977903422
4
0.0
5
75.058390601687
9
55.520757116544765
20
74.77062377545113
19
40.41447889650061
15
55.21864923146492
47
45.78680552999351
24
29.76757545174043
162
night
SfMLearner
46.28398168629391
19.321314255300376
27
94.15504206451051
3
59.19101266953296
11
67.17484817454132
1
70.26629707504325
4
0.0
5
71.55613566374446
9
52.15525579985281
20
76.54904095383235
19
42.966281262185554
15
52.43523850260173
47
50.86744058280695
24
30.36084672753574
162
night
Megadepth
44.256319963323364
43.892393075654674
114
71.7595206538289
12
74.86044243991428
28
84.52545961769711
13
70.04322532392808
25
62.68829109005805
20
57.564580256625526
51
66.39338400552515
68
66.5316278720299
55
57.729748202529784
75
66.99612837641774
174
71.06254897714838
137
31.93777290542517
719
day
LKVOLearner
51.149381269211425
41.83189966898833
114
72.62831850686042
12
73.85296523161124
28
85.86309840415883
13
76.40702366933667
25
66.04697028932327
20
63.63292352621898
51
75.34716367483432
68
79.34306661939446
55
65.75514691639144
75
82.57857646637612
174
89.18794218046264
137
40.71370483291718
719
day
DORN
60.601453066920044
55.242513652368075
114
97.30168111753062
12
93.05060624966964
28
106.0710583728434
13
93.92750674278055
25
77.54202198415676
20
74.53523023154592
51
85.23323382113091
68
84.9097535941626
55
72.94253165515534
75
84.6568762089981
174
89.53336457789278
137
40.588533333394075
719
day
Monodepth
64.97007755488164
51.51873114795219
114
92.97230765476425
12
85.52399126648031
28
98.313902736122
13
85.83150029637702
25
71.00077553698397
20
71.34958451693355
51
77.1095673931397
68
77.41330055246725
55
68.1143174580006
75
78.43208959189785
174
82.18720990604032
137
37.040262275098605
719
day
SfMLearner
59.87639713559296
41.89719117643474
114
74.02619193114755
12
73.14380975706935
28
83.20552333456293
13
62.931144265208594
25
63.56209251478786
20
57.1325342006681
51
64.23463762492418
68
65.32316825529139
55
63.86091908240876
75
70.4269942588097
174
75.91501406100713
137
33.744120261924216
719
day
Megadepth
52.72178150133023
